node    size    children
0       1       1 2
1       4       4
2       4       3
3       2       4
4       1       5 6
5       5       9
6       4       7 8
7       1       9
8       2       9
9      2       10
10  1 11 12
11  4 14
12  4 13
13  2 14
14  1 15 16
15  5 19
16  4 17 18
17  1 19
18  2 19
19  2 20
20  1 21 22
21  4 24
22  4 23
23  2 24
24  1 25 26
25  5 29
26  4 27 28
27  1 29
28  2 29
29  2 30
30  1 31 32
31  4 34
32  4 33
33  2 34
34  1 35 36
35  5 39
36  4 37 38
37  1 39
38  2 39
39  2 40
40  1
